   0.0000000000000000       0.10000000149011612     
   5.0000000745058060E-002   2.6304353371604621E-002
  0.10000000149011612        5.3098236292664996E-002
  0.15000000223517418        7.6858358592175852E-002
  0.20000000298023224       0.10274936068953391     
  0.25000000372529030       0.12894269485570098     
  0.30000000447034836       0.15777701736822433     
  0.35000000521540642       0.18061254875993960     
  0.40000000596046448       0.20209302752564978     
  0.45000000670552254       0.22276935932870262     
  0.50000000745058060       0.24955265498614296     
  0.55000000819563866       0.27207552460774420     
  0.60000000894069672       0.30207753534250953     
  0.65000000968575478       0.31038905349519652     
  0.70000001043081284       0.32958627347254632     
  0.75000001117587090       0.33950092557705852     
  0.80000001192092896       0.35944119066546837     
  0.85000001266598701       0.37377235475437959     
  0.90000001341104507       0.37938560307588465     
  0.95000001415610313       0.39238220742009861     
   1.0000000149011612       0.39001646076569935     
   1.0500000156462193       0.41233346080152478     
   1.1000000163912773       0.44797994631807320     
   1.1500000171363354       0.46711577448036268     
   1.2000000178813934       0.47127681133409294     
   1.2500000186264515       0.45605011251355926     
   1.3000000193715096       0.47998400304670058     
   1.3500000201165676       0.48247536894100640     
   1.4000000208616257       0.46251678026759824     
   1.4500000216066837       0.44935795919157828     
   1.5000000223517418       0.45531164742725067     
   1.5500000230967999       0.46315874593189688     
   1.6000000238418579       0.45640703286019374     
   1.6500000245869160       0.44234962578569520     
   1.7000000253319740       0.45021430357704650     
   1.7500000260770321       0.48339132763589265     
   1.8000000268220901       0.48679647552045174     
   1.8500000275671482       0.46046376343460493     
   1.9000000283122063       0.47677825803477170     
   1.9500000290572643       0.46558294083102819     
   2.0000000298023224       0.48040093964820585     
   2.0500000305473804       0.49332129831017757     
   2.1000000312924385       0.47980247441342050     
   2.1500000320374966       0.48840579709617510     
   2.2000000327825546       0.47725410938675800     
   2.2500000335276127       0.47360912081209111     
   2.3000000342726707       0.47885383837021439     
   2.3500000350177288       0.50207099263136068     
   2.4000000357627869       0.50322243092032026     
   2.4500000365078449       0.53776122818908600     
   2.5000000372529030       0.53589008674120053     
   2.5500000379979610       0.52492244209992178     
   2.6000000387430191       0.54265034896701692     
   2.6500000394880772       0.53455560055352513     
   2.7000000402331352       0.54784160846906682     
   2.7500000409781933       0.54292525781251488     
   2.8000000417232513       0.55445116996916111     
   2.8500000424683094       0.53573205055384154     
   2.9000000432133675       0.53710962499853043     
   2.9500000439584255       0.55072876864311016     
   3.0000000447034836       0.57218512002073041     
   3.0500000454485416       0.56826990068941008     
   3.1000000461935997       0.52608832559160790     
   3.1500000469386578       0.51633755843456930     
   3.2000000476837158       0.52397396068240010     
   3.2500000484287739       0.52995213143348952     
   3.3000000491738319       0.52203193879726650     
   3.3500000499188900       0.52702932634082955     
   3.4000000506639481       0.51946804273183655     
   3.4500000514090061       0.53029684185618364     
   3.5000000521540642       0.51707086111269762     
   3.5500000528991222       0.50296192043003385     
   3.6000000536441803       0.51306951057930406     
   3.6500000543892384       0.52213349930712982     
   3.7000000551342964       0.51901521903832493     
   3.7500000558793545       0.51200131063458376     
   3.8000000566244125       0.50394064886817569     
   3.8500000573694706       0.52176348434734743     
   3.9000000581145287       0.52008216055933087     
   3.9500000588595867       0.51088030560801101     
   4.0000000596046448       0.50113984754905372     
   4.0500000603497028       0.50396816697372449     
   4.1000000610947609       0.50777730705258806     
   4.1500000618398190       0.50892008375370434     
   4.2000000625848770       0.50717388403017538     
   4.2500000633299351       0.50317499755713513     
   4.3000000640749931       0.51737431199895245     
   4.3500000648200512       0.51741357460773207     
   4.4000000655651093       0.53290994442451256     
   4.4500000663101673       0.55522728614154937     
   4.5000000670552254       0.55318363800995385     
   4.5500000678002834       0.54132254631348764     
   4.6000000685453415       0.55129017999837637     
   4.6500000692903996       0.56440163094038398     
   4.7000000700354576       0.54949426992409700     
   4.7500000707805157       0.54980144836043110     
   4.8000000715255737       0.53604259787979214     
   4.8500000722706318       0.51091749381792373     
   4.9000000730156898       0.51311522984644442     
   4.9500000737607479       0.52885148968893425     
   5.0000000745058060       0.49177045776673006     
   5.0500000752508640       0.49802981580695493     
   5.1000000759959221       0.48008087957868784     
   5.1500000767409801       0.49882058925546918     
   5.2000000774860382       0.51353406641751953     
   5.2500000782310963       0.50137467410648340     
   5.3000000789761543       0.50564394316523775     
   5.3500000797212124       0.48583567346667433     
   5.4000000804662704       0.49380969287152376     
   5.4500000812113285       0.49905804733032461     
   5.5000000819563866       0.48332153219991464     
   5.5500000827014446       0.48220344580708291     
   5.6000000834465027       0.48191101268275310     
   5.6500000841915607       0.46868724094663694     
   5.7000000849366188       0.47945942816066539     
   5.7500000856816769       0.48878876885804728     
   5.8000000864267349       0.49162816151016964     
   5.8500000871717930       0.49048603966459636     
   5.9000000879168510       0.50094073606879252     
   5.9500000886619091       0.50049164037717120     
   6.0000000894069672       0.50079173286912526     
   6.0500000901520252       0.50551551378638793     
   6.1000000908970833       0.49709785242275295     
   6.1500000916421413       0.49524789969733934     
   6.2000000923871994       0.51251051363444200     
   6.2500000931322575       0.51314896080735817     
   6.3000000938773155       0.50650816328115533     
   6.3500000946223736       0.47198546202481667     
   6.4000000953674316       0.46808638084517690     
   6.4500000961124897       0.45920847611926219     
   6.5000000968575478       0.48133976858883298     
   6.5500000976026058       0.50182099316363027     
   6.6000000983476639       0.49420185052663074     
   6.6500000990927219       0.48695277116359709     
   6.7000000998377800       0.49767696157189140     
   6.7500001005828381       0.51204636934217007     
   6.8000001013278961       0.50318209235527567     
   6.8500001020729542       0.49284629535789148     
   6.9000001028180122       0.51180362724588657     
   6.9500001035630703       0.49716454738770882     
   7.0000001043081284       0.53651560275400823     
   7.0500001050531864       0.54804206975942371     
   7.1000001057982445       0.52372946801336140     
   7.1500001065433025       0.52886439566471721     
   7.2000001072883606       0.50924647571444914     
   7.2500001080334187       0.50800955539405335     
   7.3000001087784767       0.48176162963202374     
   7.3500001095235348       0.47214024650567188     
   7.4000001102685928       0.48204883329059722     
   7.4500001110136509       0.49166697109854379     
   7.5000001117587090       0.47342109044829594     
   7.5500001125037670       0.49475794514699223     
   7.6000001132488251       0.50120624407367120     
   7.6500001139938831       0.50118676084244307     
   7.7000001147389412       0.49746962858785071     
   7.7500001154839993       0.48429812415700518     
   7.8000001162290573       0.48030187926194196     
   7.8500001169741154       0.49963648735316679     
   7.9000001177191734       0.52128336469001568     
   7.9500001184642315       0.53710332018062523     
   8.0000001192092896       0.51928065132098722     
   8.0500001199543476       0.51217551066407196     
   8.1000001206994057       0.49290578573112404     
   8.1500001214444637       0.50245279614184379     
   8.2000001221895218       0.53553478926708764     
   8.2500001229345798       0.53063419604392881     
   8.3000001236796379       0.52140476770066047     
   8.3500001244246960       0.50169851649176922     
   8.4000001251697540       0.51508448122628425     
   8.4500001259148121       0.53232883724374869     
   8.5000001266598701       0.53461449897211888     
   8.5500001274049282       0.52979356077010697     
   8.6000001281499863       0.54936874304598482     
   8.6500001288950443       0.56354841805366362     
   8.7000001296401024       0.55806085281467510     
   8.7500001303851604       0.56980455794203511     
   8.8000001311302185       0.54379111950530112     
   8.8500001318752766       0.54031143896380729     
   8.9000001326203346       0.54713231185490618     
   8.9500001333653927       0.54876058578874432     
   9.0000001341104507       0.55195545163586890     
   9.0500001348555088       0.55423305533149037     
   9.1000001356005669       0.52663781498064288     
   9.1500001363456249       0.52899133358200368     
   9.2000001370906830       0.51320771611804561     
   9.2500001378357410       0.51029500868775013     
   9.3000001385807991       0.51470038868763124     
   9.3500001393258572       0.50265189639668750     
   9.4000001400709152       0.51388516711451282     
   9.4500001408159733       0.50453084617565758     
   9.5000001415610313       0.49488502421090858     
   9.5500001423060894       0.48622587654954802     
   9.6000001430511475       0.48212729228946777     
   9.6500001437962055       0.47583085377604240     
   9.7000001445412636       0.48086486663496408     
   9.7500001452863216       0.48279391472530442     
   9.8000001460313797       0.49294126914956693     
   9.8500001467764378       0.48798015976305209     
   9.9000001475214958       0.48554097821075604     
   9.9500001482665539       0.46791261136241624     
   10.000000149011612       0.48983667987709373     
   10.050000149756670       0.49519686292227583     
   10.100000150501728       0.50481515312696301     
   10.150000151246786       0.50839933387225011     
   10.200000151991844       0.48967235988366759     
   10.250000152736902       0.49263737211341679     
   10.300000153481960       0.51532086245223740     
   10.350000154227018       0.50574265274649510     
   10.400000154972076       0.49188164003918183     
   10.450000155717134       0.47960589806041820     
   10.500000156462193       0.46707029024493385     
   10.550000157207251       0.45199237680990106     
   10.600000157952309       0.44443950338999511     
   10.650000158697367       0.46674833849116809     
   10.700000159442425       0.45367798644268187     
   10.750000160187483       0.45924527090469791     
   10.800000160932541       0.46972165909110658     
   10.850000161677599       0.47956080172558357     
   10.900000162422657       0.48125967544672810     
   10.950000163167715       0.47544813557521642     
   11.000000163912773       0.47421439995226428     
   11.050000164657831       0.47379289890852866     
   11.100000165402889       0.46641138117545788     
   11.150000166147947       0.46989058810288403     
   11.200000166893005       0.48110067491861946     
   11.250000167638063       0.49228638966052518     
   11.300000168383121       0.49565690390537431     
   11.350000169128180       0.48872250289115182     
   11.400000169873238       0.52119002550774174     
   11.450000170618296       0.52152826031430011     
   11.500000171363354       0.53449272213127541     
   11.550000172108412       0.52286174597795365     
   11.600000172853470       0.52622438698674523     
   11.650000173598528       0.52016308070360662     
   11.700000174343586       0.52604887624765384     
   11.750000175088644       0.52989514807059823     
   11.800000175833702       0.52117544450767128     
   11.850000176578760       0.50649110976617584     
   11.900000177323818       0.51609958170189607     
   11.950000178068876       0.51744540864520261     
   12.000000178813934       0.49980042457060142     
   12.050000179558992       0.50404703369154902     
   12.100000180304050       0.51689051860785695     
   12.150000181049109       0.54044240814708844     
   12.200000181794167       0.53418132370492311     
   12.250000182539225       0.53187890820532169     
   12.300000183284283       0.51101509021863756     
   12.350000184029341       0.53365333727523434     
   12.400000184774399       0.51830353965405784     
   12.450000185519457       0.50148888091351218     
   12.500000186264515       0.48761589938513400     
   12.550000187009573       0.50663782472537722     
   12.600000187754631       0.50213459383551995     
   12.650000188499689       0.48732017925239557     
   12.700000189244747       0.49577797454967704     
   12.750000189989805       0.50610526501290021     
   12.800000190734863       0.53176224005859907     
   12.850000191479921       0.52188505643844074     
   12.900000192224979       0.52139626487128199     
   12.950000192970037       0.52159125275816209     
   13.000000193715096       0.51172776129671704     
   13.050000194460154       0.49559964545604285     
   13.100000195205212       0.48593160559001047     
   13.150000195950270       0.48462123919980332     
   13.200000196695328       0.48793030960423717     
   13.250000197440386       0.47049488743764517     
   13.300000198185444       0.45983855948466823     
   13.350000198930502       0.47352115406081485     
   13.400000199675560       0.47719298322438214     
   13.450000200420618       0.48688578376922864     
   13.500000201165676       0.51115643268906574     
   13.550000201910734       0.51503368573850994     
   13.600000202655792       0.51585444046821294     
   13.650000203400850       0.50917747036552641     
   13.700000204145908       0.53907438874532354     
   13.750000204890966       0.54910147010961485     
   13.800000205636024       0.53306669129900630     
   13.850000206381083       0.51834010862572377     
   13.900000207126141       0.51043491920265593     
   13.950000207871199       0.52987163766056089     
   14.000000208616257       0.51867115911363637     
   14.050000209361315       0.50932539650044928     
   14.100000210106373       0.52791056143540038     
   14.150000210851431       0.54778460200875567     
   14.200000211596489       0.56297792830472848     
   14.250000212341547       0.54618792359310875     
   14.300000213086605       0.55432780828942263     
   14.350000213831663       0.54482872639965052     
   14.400000214576721       0.53207675064124493     
   14.450000215321779       0.52742703315159611     
   14.500000216066837       0.55565228062123639     
   14.550000216811895       0.56624169897786336     
   14.600000217556953       0.56563675934435242     
   14.650000218302011       0.57058235747508568     
   14.700000219047070       0.54373305106271674     
   14.750000219792128       0.52402395475955832     
   14.800000220537186       0.49477196874672286     
   14.850000221282244       0.50471618264159845     
   14.900000222027302       0.49712345206865055     
   14.950000222772360       0.49822986025409077     
   15.000000223517418       0.50371330887831423     
   15.050000224262476       0.49999778421537472     
   15.100000225007534       0.49477959612745626     
   15.150000225752592       0.48747461359680866     
   15.200000226497650       0.48489904103581777     
   15.250000227242708       0.45377001793036731     
   15.300000227987766       0.46140984269238083     
   15.350000228732824       0.47743638798071975     
   15.400000229477882       0.49547810826105321     
   15.450000230222940       0.49955459183910950     
   15.500000230967999       0.49832183470693703     
   15.550000231713057       0.49309499279499847     
   15.600000232458115       0.51464768488023604     
   15.650000233203173       0.53294591125495738     
   15.700000233948231       0.53051294379337455     
   15.750000234693289       0.51535585333292466     
   15.800000235438347       0.52882230711114853     
   15.850000236183405       0.54250079082310410     
   15.900000236928463       0.55400222951224887     
   15.950000237673521       0.55086879347453688     
   16.000000238418579       0.57046765855249881     
   16.050000239163637       0.55603214858447236     
   16.100000239908695       0.57241145828297946     
   16.150000240653753       0.56572856272998318     
   16.200000241398811       0.56398024923557077     
   16.250000242143869       0.57869285159998241     
   16.300000242888927       0.59455066923481725     
   16.350000243633986       0.60366286017276505     
   16.400000244379044       0.60772326074737337     
   16.450000245124102       0.59796627183680007     
   16.500000245869160       0.62735879918217463     
   16.550000246614218       0.58182297675363515     
   16.600000247359276       0.55692458250379917     
   16.650000248104334       0.54478749875744725     
   16.700000248849392       0.56079936673526176     
   16.750000249594450       0.56459790002886312     
   16.800000250339508       0.57225305719169761     
   16.850000251084566       0.56280167466009112     
   16.900000251829624       0.57046023246320476     
   16.950000252574682       0.59799061424184974     
   17.000000253319740       0.61316047987731470     
   17.050000254064798       0.59345299809095897     
   17.100000254809856       0.56530480007763606     
   17.150000255554914       0.57998275732475402     
   17.200000256299973       0.57702411764865191     
   17.250000257045031       0.57681784220649590     
   17.300000257790089       0.58805037054619824     
   17.350000258535147       0.58573674654571184     
   17.400000259280205       0.56892749342504556     
   17.450000260025263       0.55099430459515431     
   17.500000260770321       0.49200325495295100     
   17.550000261515379       0.49270207645262759     
   17.600000262260437       0.48317732902446969     
   17.650000263005495       0.49567128903348401     
   17.700000263750553       0.47641861650293588     
   17.750000264495611       0.49025886216794123     
   17.800000265240669       0.50608302703181940     
   17.850000265985727       0.50914737648559738     
   17.900000266730785       0.49604205204068519     
   17.950000267475843       0.48189509666776809     
   18.000000268220901       0.48807840920306600     
   18.050000268965960       0.48234399391558441     
   18.100000269711018       0.48442172969062464     
   18.150000270456076       0.45952025139806879     
   18.200000271201134       0.44789835207811202     
   18.250000271946192       0.44216582063195853     
   18.300000272691250       0.44350863699630294     
   18.350000273436308       0.43756257035410850     
   18.400000274181366       0.46337071828296644     
   18.450000274926424       0.48081147188827589     
   18.500000275671482       0.48847539788993399     
   18.550000276416540       0.48988627408193214     
   18.600000277161598       0.49308204672359879     
   18.650000277906656       0.51857451845814817     
   18.700000278651714       0.51462783660305689     
   18.750000279396772       0.52137796766946132     
   18.800000280141830       0.51523141276979534     
   18.850000280886889       0.50868441352018223     
   18.900000281631947       0.50099756278906127     
   18.950000282377005       0.50353412786582863     
   19.000000283122063       0.47891253228808550     
   19.050000283867121       0.48106068651564365     
   19.100000284612179       0.48633116737291437     
   19.150000285357237       0.49858658542983603     
   19.200000286102295       0.50242431490837236     
   19.250000286847353       0.50514406440156223     
   19.300000287592411       0.49611067370605005     
   19.350000288337469       0.49307656614468731     
   19.400000289082527       0.48719665161079079     
   19.450000289827585       0.48150437700491777     
   19.500000290572643       0.48466905959390605     
   19.550000291317701       0.46483483622392913     
   19.600000292062759       0.46274343177121635     
   19.650000292807817       0.46454807682972149     
   19.700000293552876       0.46355540867195655     
   19.750000294297934       0.45885642267749105     
   19.800000295042992       0.45661931036372111     
   19.850000295788050       0.45548531674712156     
   19.900000296533108       0.45768402697601202     
   19.950000297278166       0.45166059315493762     
   20.000000298023224       0.45610448517239910     
   20.050000298768282       0.47028284393866138     
   20.100000299513340       0.48111883925682358     
   20.150000300258398       0.48794870148512787     
   20.200000301003456       0.48463875986818139     
   20.250000301748514       0.48655465162102929     
   20.300000302493572       0.50196379786593504     
   20.350000303238630       0.48607722356947691     
   20.400000303983688       0.48324598908321975     
   20.450000304728746       0.48198990196343933     
   20.500000305473804       0.48846547165775744     
   20.550000306218863       0.48114414745777079     
   20.600000306963921       0.49346600860754564     
   20.650000307708979       0.48357451818156211     
   20.700000308454037       0.50420563103502625     
   20.750000309199095       0.52172903108128199     
   20.800000309944153       0.52549945164449197     
   20.850000310689211       0.54067538187540298     
   20.900000311434269       0.51760374286197752     
   20.950000312179327       0.48039682502341818     
   21.000000312924385       0.45891329149597193     
   21.050000313669443       0.45739091338183779     
   21.100000314414501       0.47605140031299253     
   21.150000315159559       0.47271702825167466     
   21.200000315904617       0.47681360537213530     
   21.250000316649675       0.47971636687619856     
   21.300000317394733       0.46590679749714159     
   21.350000318139791       0.45655844038297150     
   21.400000318884850       0.44465978486388408     
   21.450000319629908       0.45465925081873521     
   21.500000320374966       0.43958195909863162     
   21.550000321120024       0.45485599608913319     
   21.600000321865082       0.47739102861056160     
   21.650000322610140       0.46696369263958032     
   21.700000323355198       0.46976365067625198     
   21.750000324100256       0.48622266519277235     
   21.800000324845314       0.49600711301288564     
   21.850000325590372       0.47821380762058807     
   21.900000326335430       0.49632457226811677     
   21.950000327080488       0.49810713420737579     
   22.000000327825546       0.50612699804319616     
   22.050000328570604       0.50752978303864493     
   22.100000329315662       0.49939874322296018     
   22.150000330060720       0.49782586798978634     
   22.200000330805779       0.50289229770149257     
   22.250000331550837       0.50733354047605439     
   22.300000332295895       0.50184436658690135     
   22.350000333040953       0.50598527444445185     
   22.400000333786011       0.50488625226226902     
   22.450000334531069       0.51210820212943708     
   22.500000335276127       0.49586338062509888     
   22.550000336021185       0.50637425238570588     
   22.600000336766243       0.50907886927550416     
   22.650000337511301       0.51881978493007097     
   22.700000338256359       0.51826936691283376     
   22.750000339001417       0.52774805974038963     
   22.800000339746475       0.52191078531061852     
   22.850000340491533       0.53984022603790505     
   22.900000341236591       0.54477413145076714     
   22.950000341981649       0.52948487998785265     
   23.000000342726707       0.51782922355488403     
   23.050000343471766       0.50438503385352640     
   23.100000344216824       0.50474442532769670     
   23.150000344961882       0.50959167619259671     
   23.200000345706940       0.51250777782678358     
   23.250000346451998       0.52886409459886585     
   23.300000347197056       0.52932658891542617     
   23.350000347942114       0.51393446564456813     
   23.400000348687172       0.52055869557199219     
   23.450000349432230       0.51772681631585293     
   23.500000350177288       0.49210406562631415     
   23.550000350922346       0.48483658802257656     
   23.600000351667404       0.44948649799961360     
   23.650000352412462       0.47234330399607066     
   23.700000353157520       0.47602260517468742     
   23.750000353902578       0.50233333343451791     
   23.800000354647636       0.49105335669693989     
   23.850000355392694       0.49564351200911033     
   23.900000356137753       0.48280805218851242     
   23.950000356882811       0.49790718615947349     
   24.000000357627869       0.49705114819748286     
   24.050000358372927       0.49645698938685723     
   24.100000359117985       0.52748347292909337     
   24.150000359863043       0.55183323328898548     
   24.200000360608101       0.53269176426512588     
   24.250000361353159       0.53970649243718694     
   24.300000362098217       0.53097856812745103     
   24.350000362843275       0.53996039222156023     
   24.400000363588333       0.54959152121002186     
   24.450000364333391       0.53526683755739712     
   24.500000365078449       0.51770368129541755     
   24.550000365823507       0.50963640886909500     
   24.600000366568565       0.51666066616667417     
   24.650000367313623       0.52600038597077992     
   24.700000368058681       0.51228973674174882     
   24.750000368803740       0.49720737015739591     
   24.800000369548798       0.50917747948258074     
   24.850000370293856       0.50722411524170019     
   24.900000371038914       0.49508486257941875     
   24.950000371783972       0.51253403399573993     
   25.000000372529030       0.52029922930324035     
   25.050000373274088       0.51959774709932072     
   25.100000374019146       0.52867178165047757     
   25.150000374764204       0.52472972359453540     
   25.200000375509262       0.54517256806255288     
   25.250000376254320       0.54267885635635260     
   25.300000376999378       0.55581740251533984     
   25.350000377744436       0.54082651681224159     
   25.400000378489494       0.54522071534142447     
   25.450000379234552       0.55826252429219092     
   25.500000379979610       0.56920612209840338     
   25.550000380724669       0.55386086572490079     
   25.600000381469727       0.54148228072873361     
   25.650000382214785       0.52789212378859207     
   25.700000382959843       0.50820903774000836     
   25.750000383704901       0.50248283039427832     
   25.800000384449959       0.48812423900346841     
   25.850000385195017       0.48095977395790440     
   25.900000385940075       0.44739368419439884     
   25.950000386685133       0.44215662052366789     
   26.000000387430191       0.45227556793670082     
   26.050000388175249       0.46346818726789352     
   26.100000388920307       0.44384567412457987     
   26.150000389665365       0.45813092202071248     
   26.200000390410423       0.44679112244131475     
   26.250000391155481       0.44967507865403455     
   26.300000391900539       0.45231959572289521     
   26.350000392645597       0.46637017042627377     
   26.400000393390656       0.47027755603220817     
   26.450000394135714       0.47254863764031030     
   26.500000394880772       0.48631389549402226     
   26.550000395625830       0.49033282027068409     
   26.600000396370888       0.50261230995786943     
   26.650000397115946       0.51215219428829739     
   26.700000397861004       0.51230611817928762     
   26.750000398606062       0.51556039219486538     
   26.800000399351120       0.49931429061415933     
   26.850000400096178       0.50409964387879858     
   26.900000400841236       0.49869198905470119     
   26.950000401586294       0.50362089821870804     
   27.000000402331352       0.50793143189996381     
   27.050000403076410       0.48547126430859905     
   27.100000403821468       0.47583278414632063     
   27.150000404566526       0.47907505592555955     
   27.200000405311584       0.45951461051794829     
   27.250000406056643       0.47502674290033303     
   27.300000406801701       0.47895776719212119     
   27.350000407546759       0.49544009779906084     
   27.400000408291817       0.49634729335221817     
   27.450000409036875       0.48564269757968193     
   27.500000409781933       0.50064549433433492     
   27.550000410526991       0.50990181431969517     
   27.600000411272049       0.51430976107591564     
   27.650000412017107       0.48289926429810859     
   27.700000412762165       0.49289669915417489     
   27.750000413507223       0.51150394479677175     
   27.800000414252281       0.51695439892632622     
   27.850000414997339       0.49834566975101613     
   27.900000415742397       0.49369800045112200     
   27.950000416487455       0.49782830370823278     
   28.000000417232513       0.48055419477623845     
   28.050000417977571       0.47173773578502132     
   28.100000418722630       0.47703500035477703     
   28.150000419467688       0.46815579519688422     
   28.200000420212746       0.47359294871262259     
   28.250000420957804       0.50264282380629566     
   28.300000421702862       0.50065871463035128     
   28.350000422447920       0.49630411072488845     
   28.400000423192978       0.49362419233477073     
   28.450000423938036       0.50282109416586651     
   28.500000424683094       0.51095417639415197     
   28.550000425428152       0.51060128184498010     
   28.600000426173210       0.50941069023768504     
   28.650000426918268       0.49402319179544252     
   28.700000427663326       0.49356990056653927     
   28.750000428408384       0.49837419758110874     
   28.800000429153442       0.52138872170707096     
   28.850000429898500       0.52168331982781402     
   28.900000430643559       0.53653417132663384     
   28.950000431388617       0.55263751798741312     
   29.000000432133675       0.53515504451607565     
   29.050000432878733       0.53478515850035868     
   29.100000433623791       0.53168488386072243     
   29.150000434368849       0.53251800135456495     
   29.200000435113907       0.53308445887780342     
   29.250000435858965       0.52941768146323342     
   29.300000436604023       0.54279788373760007     
   29.350000437349081       0.54525752542442441     
   29.400000438094139       0.53904291213786448     
   29.450000438839197       0.53902731675148674     
   29.500000439584255       0.54322499067428720     
   29.550000440329313       0.54353764994002374     
   29.600000441074371       0.53193109054888899     
   29.650000441819429       0.54898702991032544     
   29.700000442564487       0.55541431546760256     
   29.750000443309546       0.53798518087200498     
   29.800000444054604       0.52189844683480346     
   29.850000444799662       0.51711226781269437     
   29.900000445544720       0.51776844801843358     
   29.950000446289778       0.53733106626578941     
   30.000000447034836       0.53947293393656059     
   30.050000447779894       0.56105885320980731     
   30.100000448524952       0.54448227831547713     
   30.150000449270010       0.55627431150240247     
   30.200000450015068       0.54186772177772036     
   30.250000450760126       0.54266426553903735     
   30.300000451505184       0.53574209297163922     
   30.350000452250242       0.53440682254098881     
   30.400000452995300       0.53456436607485214     
   30.450000453740358       0.52207866204867459     
   30.500000454485416       0.53746165207142449     
   30.550000455230474       0.54002982696594548     
   30.600000455975533       0.53884575705001525     
   30.650000456720591       0.53943290640786645     
   30.700000457465649       0.52716271326527919     
   30.750000458210707       0.52273008232742213     
   30.800000458955765       0.53767086738041614     
   30.850000459700823       0.56105108161124251     
   30.900000460445881       0.55655619395981371     
   30.950000461190939       0.55905585285895509     
   31.000000461935997       0.55787847473663033     
   31.050000462681055       0.56063126962083831     
   31.100000463426113       0.54410558631805761     
   31.150000464171171       0.54091248848576390     
   31.200000464916229       0.52510475710224069     
   31.250000465661287       0.52800792569497612     
   31.300000466406345       0.54234905965903613     
   31.350000467151403       0.54112405193507118     
   31.400000467896461       0.56001782666876510     
   31.450000468641520       0.55324941563368668     
   31.500000469386578       0.55122534853480676     
   31.550000470131636       0.53853560487126573     
   31.600000470876694       0.52652184087340448     
   31.650000471621752       0.52328688257399869     
   31.700000472366810       0.51862768954415450     
   31.750000473111868       0.50489563599626408     
   31.800000473856926       0.50379867726292615     
   31.850000474601984       0.51094252750873226     
   31.900000475347042       0.52178267297547798     
   31.950000476092100       0.51138120227779404     
   32.000000476837158       0.50008206388308263     
   32.050000477582216       0.50572537859395794     
   32.100000478327274       0.51403492706819742     
   32.150000479072332       0.51052576009641271     
   32.200000479817390       0.52449599328381746     
   32.250000480562449       0.51590279580865661     
   32.300000481307507       0.49635120324568383     
   32.350000482052565       0.48486301756550632     
   32.400000482797623       0.49474316943871482     
   32.450000483542681       0.51348196565630255     
   32.500000484287739       0.52009100641366479     
   32.550000485032797       0.51436779036951308     
   32.600000485777855       0.51192361190286484     
   32.650000486522913       0.49516631323688998     
   32.700000487267971       0.47349497052777240     
   32.750000488013029       0.48963828432837936     
   32.800000488758087       0.48271800435847367     
   32.850000489503145       0.49461548810058442     
   32.900000490248203       0.50536709033147154     
   32.950000490993261       0.47867995017441672     
   33.000000491738319       0.46174914455390925     
   33.050000492483377       0.46249254524701394     
   33.100000493228436       0.47777367348409316     
   33.150000493973494       0.47832672812956323     
   33.200000494718552       0.49014259840693575     
   33.250000495463610       0.49317674261593630     
   33.300000496208668       0.49114130960978025     
   33.350000496953726       0.47659761273227375     
   33.400000497698784       0.46323414300671484     
   33.450000498443842       0.47061343934574312     
   33.500000499188900       0.47503293183507811     
   33.550000499933958       0.49246653023115339     
   33.600000500679016       0.47783933083678615     
   33.650000501424074       0.49100133003971286     
   33.700000502169132       0.48678957275873674     
   33.750000502914190       0.48560956749536438     
   33.800000503659248       0.50055334995719714     
   33.850000504404306       0.51435520371302412     
   33.900000505149364       0.50997015994569384     
   33.950000505894423       0.52957167618203060     
   34.000000506639481       0.54137389536434821     
   34.050000507384539       0.54822218986595705     
   34.100000508129597       0.56713716589489693     
   34.150000508874655       0.57181788624644359     
   34.200000509619713       0.57910919418576190     
   34.250000510364771       0.55907917631313475     
   34.300000511109829       0.53206277670635505     
   34.350000511854887       0.53906054058059583     
   34.400000512599945       0.52412560888883675     
   34.450000513345003       0.53220876968507280     
   34.500000514090061       0.55307556605041552     
   34.550000514835119       0.53422212899394905     
   34.600000515580177       0.53416518565201576     
   34.650000516325235       0.52398895732276973     
   34.700000517070293       0.52638912940970095     
   34.750000517815351       0.52960902055831560     
   34.800000518560410       0.52283191077465363     
   34.850000519305468       0.53134922434215281     
   34.900000520050526       0.53443104486598192     
   34.950000520795584       0.51941696813769367     
   35.000000521540642       0.52574743444657601     
   35.050000522285700       0.53328164916379306     
   35.100000523030758       0.53487985114820236     
   35.150000523775816       0.55561885091975383     
   35.200000524520874       0.53704874503225086     
   35.250000525265932       0.53180761084601202     
   35.300000526010990       0.53636069567616340     
   35.350000526756048       0.52249498500461800     
   35.400000527501106       0.52061655903503767     
   35.450000528246164       0.52611422876558400     
   35.500000528991222       0.51965708720440507     
   35.550000529736280       0.51667730647534349     
   35.600000530481339       0.50708113195134263     
   35.650000531226397       0.49415758615352884     
   35.700000531971455       0.50819300299364145     
   35.750000532716513       0.50217613976012676     
   35.800000533461571       0.49544585174213362     
   35.850000534206629       0.49177795903290666     
   35.900000534951687       0.49277977922049609     
   35.950000535696745       0.49322258732948876     
   36.000000536441803       0.48423562338315557     
   36.050000537186861       0.47546953187863217     
   36.100000537931919       0.46699445739115214     
   36.150000538676977       0.47354921900641150     
   36.200000539422035       0.47486422137387296     
   36.250000540167093       0.48071894379491392     
   36.300000540912151       0.49174847457440640     
   36.350000541657209       0.48778260131273138     
   36.400000542402267       0.48785244073297429     
   36.450000543147326       0.50704017803198898     
   36.500000543892384       0.50809725450722676     
   36.550000544637442       0.52415620067383728     
   36.600000545382500       0.51847120497791999     
   36.650000546127558       0.50026243621515287     
   36.700000546872616       0.50827593787708936     
   36.750000547617674       0.48939692809439345     
   36.800000548362732       0.51408484067423954     
   36.850000549107790       0.50785039092106399     
   36.900000549852848       0.50236327859355745     
   36.950000550597906       0.51181969561181528     
   37.000000551342964       0.49821068798145746     
   37.050000552088022       0.50895904659045099     
   37.100000552833080       0.49266658851781131     
   37.150000553578138       0.49932822801076182     
   37.200000554323196       0.51631293921956678     
   37.250000555068254       0.53890909454885105     
   37.300000555813313       0.53023431271282506     
   37.350000556558371       0.53799239472402594     
   37.400000557303429       0.53820636178479986     
   37.450000558048487       0.54337488237039988     
   37.500000558793545       0.52547579062336613     
   37.550000559538603       0.52165993941559852     
   37.600000560283661       0.53014451518991124     
   37.650000561028719       0.52942170208263473     
   37.700000561773777       0.54048611634376520     
   37.750000562518835       0.56260949872992472     
   37.800000563263893       0.56471733862137818     
   37.850000564008951       0.54490153867023750     
   37.900000564754009       0.56383952927836023     
   37.950000565499067       0.54818637971338835     
   38.000000566244125       0.56115213755379678     
   38.050000566989183       0.56891722516912624     
   38.100000567734241       0.56371143641633170     
   38.150000568479300       0.56226124942337818     
   38.200000569224358       0.56304800704594327     
   38.250000569969416       0.56035309093608954     
   38.300000570714474       0.55107593084975870     
   38.350000571459532       0.57323353401466537     
   38.400000572204590       0.55631423570188465     
   38.450000572949648       0.56094022407071442     
   38.500000573694706       0.54134882074399260     
   38.550000574439764       0.54794846522435214     
   38.600000575184822       0.55156619979743748     
   38.650000575929880       0.54110130936681045     
   38.700000576674938       0.52831571240830044     
   38.750000577419996       0.53373527640753515     
   38.800000578165054       0.52073794354003233     
   38.850000578910112       0.50535449840970259     
   38.900000579655170       0.51550373981191600     
   38.950000580400229       0.50530687838533495     
   39.000000581145287       0.48485288397505011     
   39.050000581890345       0.49626735169716363     
   39.100000582635403       0.48250209863710675     
   39.150000583380461       0.48908117190637268     
   39.200000584125519       0.47711358101128254     
   39.250000584870577       0.47031908116329951     
   39.300000585615635       0.47076666976177700     
   39.350000586360693       0.46092335708233539     
   39.400000587105751       0.46193509570891128     
   39.450000587850809       0.48856646813383509     
   39.500000588595867       0.49170777259177567     
   39.550000589340925       0.50339665018752433     
   39.600000590085983       0.50681945585947341     
   39.650000590831041       0.50933493218511805     
   39.700000591576099       0.50460974802462943     
   39.750000592321157       0.50477432897310293     
   39.800000593066216       0.49487667034187249     
   39.850000593811274       0.50720717797841053     
   39.900000594556332       0.50588206117204837     
   39.950000595301390       0.49695391132841826     
   40.000000596046448       0.48835579699597709     
   40.050000596791506       0.49421908709279233     
   40.100000597536564       0.48537968535662235     
   40.150000598281622       0.48746192531281091     
   40.200000599026680       0.49119303421825755     
   40.250000599771738       0.51827850418437449     
   40.300000600516796       0.52188258780231900     
   40.350000601261854       0.52867000021417498     
   40.400000602006912       0.52712426694518399     
   40.450000602751970       0.50790048256786546     
   40.500000603497028       0.52406800480983606     
   40.550000604242086       0.55131781681907466     
   40.600000604987144       0.54584624273095439     
   40.650000605732203       0.55023684449323518     
   40.700000606477261       0.53573245945841863     
   40.750000607222319       0.57007862274924714     
   40.800000607967377       0.54806784529140584     
   40.850000608712435       0.52117261272333304     
   40.900000609457493       0.52429948217018385     
   40.950000610202551       0.54707763102602824     
   41.000000610947609       0.54427360273433267     
   41.050000611692667       0.55194611546660555     
   41.100000612437725       0.53666138922796591     
   41.150000613182783       0.51446987664681554     
   41.200000613927841       0.49947767748843674     
   41.250000614672899       0.49244374834931326     
   41.300000615417957       0.49754117623160893     
   41.350000616163015       0.50076097744445414     
   41.400000616908073       0.50566412378406744     
   41.450000617653131       0.51576695636536940     
   41.500000618398190       0.51269677329608843     
   41.550000619143248       0.53454520995690680     
   41.600000619888306       0.55467215621631827     
   41.650000620633364       0.53424606896338722     
   41.700000621378422       0.51654726766009051     
   41.750000622123480       0.50817513505037848     
   41.800000622868538       0.50841276743355113     
   41.850000623613596       0.49722262908903703     
   41.900000624358654       0.47121770339035168     
   41.950000625103712       0.47195013543615139     
   42.000000625848770       0.48594081819707319     
   42.050000626593828       0.50101036648528519     
   42.100000627338886       0.49802726047708512     
   42.150000628083944       0.49518825495944041     
   42.200000628829002       0.49632267545427755     
   42.250000629574060       0.50701233960644732     
   42.300000630319118       0.52291945358413860     
   42.350000631064177       0.51048106062850196     
   42.400000631809235       0.51691060754250107     
   42.450000632554293       0.49958106303216099     
   42.500000633299351       0.50929850622862538     
   42.550000634044409       0.48515676888008047     
   42.600000634789467       0.49905061797686356     
   42.650000635534525       0.51813714982906711     
   42.700000636279583       0.51687399289175007     
   42.750000637024641       0.52433114735303699     
   42.800000637769699       0.53622100920532445     
   42.850000638514757       0.54692361992680427     
   42.900000639259815       0.53325871704706795     
   42.950000640004873       0.52575493651569105     
   43.000000640749931       0.53143247930395010     
   43.050000641494989       0.53059857930229759     
   43.100000642240047       0.52498821503112636     
   43.150000642985106       0.51052697749806364     
   43.200000643730164       0.48817125977623971     
   43.250000644475222       0.49022884204243594     
   43.300000645220280       0.50055647602925568     
   43.350000645965338       0.48389998918589888     
   43.400000646710396       0.46068500199848844     
   43.450000647455454       0.47445042042579949     
   43.500000648200512       0.48646927780995941     
   43.550000648945570       0.47705816902810372     
   43.600000649690628       0.49727727979653752     
   43.650000650435686       0.50725896541364779     
   43.700000651180744       0.51308137202481441     
   43.750000651925802       0.52092784060687813     
   43.800000652670860       0.50556441961502496     
   43.850000653415918       0.50000982617681422     
   43.900000654160976       0.48775425485182949     
   43.950000654906034       0.50014980688411370     
   44.000000655651093       0.47404365728028963     
   44.050000656396151       0.49806971907435921     
   44.100000657141209       0.51652908198065850     
   44.150000657886267       0.49513595752270206     
   44.200000658631325       0.51019564910613191     
   44.250000659376383       0.50996317961041848     
   44.300000660121441       0.49841319083419933     
   44.350000660866499       0.51258327599917874     
   44.400000661611557       0.53233630865226134     
   44.450000662356615       0.52085172913399957     
   44.500000663101673       0.52382525087031773     
   44.550000663846731       0.49817834436117564     
   44.600000664591789       0.49115323302114322     
   44.650000665336847       0.48540142817473758     
   44.700000666081905       0.49301073740936074     
   44.750000666826963       0.48570296167341986     
   44.800000667572021       0.48877014382296130     
   44.850000668317080       0.49850391671095345     
   44.900000669062138       0.51328729663031503     
   44.950000669807196       0.51807462432880924     
   45.000000670552254       0.50954634582580738     
   45.050000671297312       0.48220481309321728     
   45.100000672042370       0.47988105389367974     
   45.150000672787428       0.48085260980427702     
   45.200000673532486       0.49003238183363435     
   45.250000674277544       0.49624203380096571     
   45.300000675022602       0.47809857311493986     
   45.350000675767660       0.48758529555795616     
   45.400000676512718       0.48263583968877105     
   45.450000677257776       0.48251400782706233     
   45.500000678002834       0.47293956545487442     
   45.550000678747892       0.49680229485218885     
   45.600000679492950       0.50084580708023496     
   45.650000680238008       0.50762331368208402     
   45.700000680983067       0.50473451403598024     
   45.750000681728125       0.48826568902219070     
   45.800000682473183       0.48086667920063236     
   45.850000683218241       0.48174981611963613     
   45.900000683963299       0.49329582005720807     
   45.950000684708357       0.48141227835023914     
   46.000000685453415       0.49696560909267345     
   46.050000686198473       0.50958640350625017     
   46.100000686943531       0.51845142476619477     
   46.150000687688589       0.51910227279720078     
   46.200000688433647       0.53131226200498538     
   46.250000689178705       0.51127032401266848     
   46.300000689923763       0.53192216193870634     
   46.350000690668821       0.52953633614607809     
   46.400000691413879       0.53509816752231099     
   46.450000692158937       0.52764803923465409     
   46.500000692903996       0.49558315198476638     
   46.550000693649054       0.49392437739132966     
   46.600000694394112       0.49252466476694984     
   46.650000695139170       0.50434311704262846     
   46.700000695884228       0.50580539110774625     
   46.750000696629286       0.50140521840803742     
   46.800000697374344       0.50944956915853168     
   46.850000698119402       0.51648807773330352     
   46.900000698864460       0.51444699329547539     
   46.950000699609518       0.52657615415245418     
   47.000000700354576       0.53131142169781365     
   47.050000701099634       0.52781412023171370     
   47.100000701844692       0.52489263409613374     
   47.150000702589750       0.51046799985454572     
   47.200000703334808       0.50495975796029013     
   47.250000704079866       0.48874035430827595     
   47.300000704824924       0.49808881470113076     
   47.350000705569983       0.49040459065552106     
   47.400000706315041       0.49467118460859433     
   47.450000707060099       0.48791222306475873     
   47.500000707805157       0.48103052434143956     
   47.550000708550215       0.48340667366484291     
   47.600000709295273       0.49718623005414531     
   47.650000710040331       0.52299393246840831     
   47.700000710785389       0.52812200627960615     
   47.750000711530447       0.53390509613934334     
   47.800000712275505       0.52664855280422374     
   47.850000713020563       0.52730737440176312     
   47.900000713765621       0.50452732750575446     
   47.950000714510679       0.49999549822651645     
   48.000000715255737       0.48899539357623584     
   48.050000716000795       0.49252887738003048     
   48.100000716745853       0.49674859619178113     
   48.150000717490911       0.49119877203735068     
   48.200000718235970       0.50276480973290005     
   48.250000718981028       0.52409136859144700     
   48.300000719726086       0.52751880552549935     
   48.350000720471144       0.54077327600136416     
   48.400000721216202       0.52862880522636868     
   48.450000721961260       0.53514018674669606     
   48.500000722706318       0.51965220189018935     
   48.550000723451376       0.51690703270037919     
   48.600000724196434       0.51735854976418849     
   48.650000724941492       0.51013715256099845     
   48.700000725686550       0.50963721663240813     
   48.750000726431608       0.48478649769477206     
   48.800000727176666       0.49497480413298334     
   48.850000727921724       0.50602567219680850     
   48.900000728666782       0.49874141029153113     
   48.950000729411840       0.50628664801453549     
   49.000000730156898       0.52383504540149450     
   49.050000730901957       0.53449477888582042     
   49.100000731647015       0.51989382674690987     
   49.150000732392073       0.52994391945464248     
   49.200000733137131       0.51630974619185732     
   49.250000733882189       0.51603005910626121     
   49.300000734627247       0.53322125849786528     
   49.350000735372305       0.53440798351157648     
   49.400000736117363       0.53507891316462752     
   49.450000736862421       0.52555638344915623     
   49.500000737607479       0.53587724607224718     
   49.550000738352537       0.54300134634690278     
   49.600000739097595       0.54721008714267128     
   49.650000739842653       0.55163223588366384     
   49.700000740587711       0.53783517336128339     
   49.750000741332769       0.55273657242146723     
   49.800000742077827       0.54517459014045067     
   49.850000742822886       0.55522942151898502     
   49.900000743567944       0.54269456902777091     
   49.950000744313002       0.53525898969467456     
   50.000000745058060       0.54483520857084478     
