  -5.0000000000000000       -4.9009900990099009        0.0000000000000000     
  -4.9009900990099009       -4.8019801980198018        0.0000000000000000     
  -4.8019801980198018       -4.7029702970297027        0.0000000000000000     
  -4.7029702970297027       -4.6039603960396036        0.0000000000000000     
  -4.6039603960396036       -4.5049504950495045        2.0709730723066807E-005
  -4.5049504950495045       -4.4059405940594054        0.0000000000000000     
  -4.4059405940594054       -4.3069306930693072        1.5673303362178159E-005
  -4.3069306930693072       -4.2079207920792081        5.4810238879368318E-005
  -4.2079207920792081       -4.1089108910891090        9.6230068317729815E-005
  -4.1089108910891090       -4.0099009900990099        1.5296088773528453E-004
  -4.0099009900990099       -3.9108910891089108        2.3847821818236205E-004
  -3.9108910891089108       -3.8118811881188117        3.5305186256347459E-004
  -3.8118811881188117       -3.7128712871287126        6.4456291153775695E-004
  -3.7128712871287126       -3.6138613861386135        9.1896012357911214E-004
  -3.6138613861386135       -3.5148514851485149        9.7247186089956684E-004
  -3.5148514851485149       -3.4158415841584158        1.5443421609116449E-003
  -3.4158415841584158       -3.3168316831683167        2.1969819628964897E-003
  -3.3168316831683167       -3.2178217821782180        3.0488498385977448E-003
  -3.2178217821782180       -3.1188118811881189        4.3580022285567410E-003
  -3.1188118811881189       -3.0198019801980198        5.8271574586921610E-003
  -3.0198019801980198       -2.9207920792079207        7.4936152979048383E-003
  -2.9207920792079207       -2.8217821782178216        1.1357146125179485E-002
  -2.8217821782178216       -2.7227722772277225        1.3838809171930529E-002
  -2.7227722772277225       -2.6237623762376234        1.9814334074468799E-002
  -2.6237623762376234       -2.5247524752475248        2.4882501284744472E-002
  -2.5247524752475248       -2.4257425742574257        3.2189263736684459E-002
  -2.4257425742574257       -2.3267326732673266        3.9305955449163460E-002
  -2.3267326732673266       -2.2277227722772275        5.3576226144141863E-002
  -2.2277227722772275       -2.1287128712871284        6.4940711140212534E-002
  -2.1287128712871284       -2.0297029702970297        8.2034852699201508E-002
  -2.0297029702970297       -1.9306930693069306        9.6803849529433286E-002
  -1.9306930693069306       -1.8316831683168315       0.12355157065722271     
  -1.8316831683168315       -1.7326732673267324       0.14844682378156132     
  -1.7326732673267324       -1.6336633663366333       0.17321036393286465     
  -1.6336633663366333       -1.5346534653465347       0.20651903347725903     
  -1.5346534653465347       -1.4356435643564356       0.23950114054913149     
  -1.4356435643564356       -1.3366336633663365       0.27195301989563836     
  -1.3366336633663365       -1.2376237623762374       0.31225832110234125     
  -1.2376237623762374       -1.1386138613861383       0.34921276003949397     
  -1.1386138613861383       -1.0396039603960396       0.39187833928488791     
  -1.0396039603960396      -0.94059405940594054       0.44470064251814112     
 -0.94059405940594054      -0.84158415841584144       0.49305971710498597     
 -0.84158415841584144      -0.74257425742574235       0.52377633501564780     
 -0.74257425742574235      -0.64356435643564325       0.58398371518595171     
 -0.64356435643564325      -0.54455445544554415       0.61884759858972394     
 -0.54455445544554415      -0.44554455445544505       0.65981837477387850     
 -0.44554455445544505      -0.34653465346534595       0.68664919073551167     
 -0.34653465346534595      -0.24752475247524686       0.71477475239082877     
 -0.24752475247524686      -0.14851485148514865       0.73397191993320443     
 -0.14851485148514865       -4.9504950495049549E-002  0.74752279492717633     
  -4.9504950495049549E-002   4.9504950495049549E-002  0.75392184063472867     
   4.9504950495049549E-002  0.14851485148514865       0.73990785388881264     
  0.14851485148514865       0.24752475247524774       0.73145847989476487     
  0.24752475247524774       0.34653465346534684       0.71296959695345785     
  0.34653465346534684       0.44554455445544594       0.68042253926152918     
  0.44554455445544594       0.54455445544554504       0.65129534462135386     
  0.54455445544554504       0.64356435643564414       0.61543716877161914     
  0.64356435643564414       0.74257425742574323       0.57623720657966482     
  0.74257425742574323       0.84158415841584144       0.53233399979819329     
  0.84158415841584144       0.94059405940594054       0.49058161037452408     
  0.94059405940594054        1.0396039603960396       0.44387175167020509     
   1.0396039603960396        1.1386138613861387       0.40016890785719866     
   1.1386138613861387        1.2376237623762378       0.35895718829359274     
   1.2376237623762378        1.3366336633663369       0.31384047544661886     
   1.3366336633663369        1.4356435643564360       0.27690897011544580     
   1.4356435643564360        1.5346534653465351       0.24039567871206222     
   1.5346534653465351        1.6336633663366342       0.20860627959444331     
   1.6336633663366342        1.7326732673267333       0.17687830711055821     
   1.7326732673267333        1.8316831683168324       0.14871514434180258     
   1.8316831683168324        1.9306930693069306       0.12437863198554852     
   1.9306930693069306        2.0297029702970297        9.9623932210319399E-002
   2.0297029702970297        2.1287128712871288        8.2905104998133791E-002
   2.1287128712871288        2.2277227722772279        6.6542955697644166E-002
   2.2277227722772279        2.3267326732673270        5.2988658167268700E-002
   2.3267326732673270        2.4257425742574261        4.1387775200058936E-002
   2.4257425742574261        2.5247524752475252        3.1014037667097524E-002
   2.5247524752475252        2.6237623762376243        2.5016801156416763E-002
   2.6237623762376243        2.7227722772277234        2.0608269571914785E-002
   2.7227722772277234        2.8217821782178225        1.5114839704273264E-002
   2.8217821782178225        2.9207920792079207        1.1047501454989827E-002
   2.9207920792079207        3.0198019801980198        8.7603244786783729E-003
   3.0198019801980198        3.1188118811881189        5.9358760860124269E-003
   3.1188118811881189        3.2178217821782180        4.4872614868351757E-003
   3.2178217821782180        3.3168316831683171        3.1438712305373873E-003
   3.3168316831683171        3.4158415841584162        2.1937179296993769E-003
   3.4158415841584162        3.5148514851485153        1.3686350568996202E-003
   3.5148514851485153        3.6138613861386144        1.1929976314308437E-003
   3.6138613861386144        3.7128712871287135        8.0550966995093396E-004
   3.7128712871287135        3.8118811881188126        6.4604202835628736E-004
   3.8118811881188126        3.9108910891089117        3.6731335119718003E-004
   3.9108910891089117        4.0099009900990108        1.3351225421230289E-004
   4.0099009900990108        4.1089108910891099        1.7190561965734641E-004
   4.1089108910891099        4.2079207920792090        1.1027060201297688E-004
   4.2079207920792090        4.3069306930693081        1.8809309075254958E-005
   4.3069306930693081        4.4059405940594072        6.5115457925797083E-005
   4.4059405940594072        4.5049504950495063        1.4791709827014686E-005
   4.5049504950495063        4.6039603960396036        0.0000000000000000     
   4.6039603960396036        4.7029702970297027        0.0000000000000000     
   4.7029702970297027        4.8019801980198018        0.0000000000000000     
   4.8019801980198018        4.9009900990099009        0.0000000000000000     
   4.9009900990099009        5.0000000000000000        0.0000000000000000     
